14 11 3 100 78140 2.000015681
14 11 3 100 1749563 2.000015866
14 6 3 100 29768 2.000076541
14 1 3 100 26350 2.000400338
14 10 3 100 19079 2.000489118
14 10 3 100 52599 2.000494775
14 2 3 100 101906 2.000547364
14 4 3 100 40034 2.000572923
14 1 3 100 393586 2.000708414
14 10 3 100 2328260 2.000879989
14 6 3 100 21825 2.001028770
14 8 3 100 47920 2.001200276
14 0 3 100 211527 2 .001607513
14 2 3 100 9915 2.002323606
14 2 3 100 22732 2.002551467
14 11 3 100 128231 2.003033057
14 4 3 100 2441 2.003319177
14 0 3 100 304 2.003503040
14 8 3 100 73883 2.003906487
14 3 3 100 1256 2.004158498
14 1 3 100 74936 2.004286535
14 11 3 100 50582 2.004646588
14 15 3 100 26961 2.004706668
14 10 3 100 919875 2.004757380
14 4 3 100 4019627 2.005084837
14 2 3 100 14271 2.005779293
14 13 3 100 28293 2.005934919
14 12 3 100 1754980 2.005959219
14 1 3 100 21227 2.006201127
14 3 3 100 1626788 2.006342750
14 6 3 100 41309 2.006660489
14 13 3 100 64954 2.006705631
14 9 3 100 183470 2.006741018
14 1 3 100 78738 2.006806968
14 12 3 100 22579 2.006886114
14 9 3 100 4815394 2.006904754
14 2 3 100 393152 2.007175153
14 4 3 100 12330 2.007207043
14 15 3 100 2357908 2.007226399
14 9 3 100 26513 2.007511779
14 12 3 100 57410 2.007581512
14 11 3 100 670048 2.007631487
14 1 3 100 20484 2.007710652
14 5 3 100 706224 2.008030364
14 2 3 100 563019 2.008337751
14 4 3 100 20097 2.008359191
14 8 3 100 905889 2.008456991
14 15 3 100 641928 2.008560723
14 3 3 100 76840 2.008604392
14 8 3 100 1935889 2.008733127
14 2 3 100 9311 2.008796101
14 1 3 100 5662501 2.008809072
14 8 3 100 1727235 2.008855620
14 10 3 100 687887 2.009302520
14 5 3 100 28085 2.009342878
14 8 3 100 36695 2.009522608
14 10 3 100 4013845 2.009585009
14 1 3 100 24656 2.009740359
