12 10 3 100 476 2.000000032
15 3 3 100 24033 2.000003392
12 13 3 100 177289 2.000013191
0 13 3 100 164256 2.000013623
14 11 3 100 78140 2.000015681
14 11 3 100 1749563 2.000015866
3 11 3 100 10911 2.000026638
4 1 3 100 58316 2.000046438
11 9 3 100 1505577 2.000048729
5 7 3 100 60715 2.000057149
15 12 3 100 55650 2.000059422
14 6 3 100 29768 2.000076541
15 3 3 100 3713 2.000090950
12 7 3 100 8695550 2.000093511
11 8 3 100 57150 2.000116048
3 4 3 100 183256 2.000126628
0 11 3 100 41108 2.000138178
5 1 3 100 3657 2.000168575
1 9 3 100 483480 2.000179047
12 4 3 100 6662029 2.000183212
2 1 3 100 47056 2.000190412
5 1 3 100 39108 2.000190552
7 1 3 100 313 2.000203069
12 15 3 100 1012638 2.000210603
12 2 3 100 650703 2.000219304
8 0 3 100 107065 2.000219524
6 1 3 100 188144 2.000239839
13 0 3 100 57330 2.000244154
7 1 3 100 71440 2.000273778
0 8 3 100 4318050 2.000303956
9 11 3 100 46912 2.000309349
2 4 3 100 194593 2.000348828
6 15 3 100 1417003 2.000355136
8 14 3 100 30561 2.000374341
3 12 3 100 1488486 2.000385732
0 3 3 100 20007 2.000391536
2 5 3 100 5873 2.000396232
2 5 3 100 4412 2.000400293
14 1 3 100 26350 2.000400338
9 8 3 100 79974 2.000482714
14 10 3 100 19079 2.000489118
14 10 3 100 52599 2.000494775
13 1 3 100 54190 2.000498340
12 10 3 100 223923 2.000501855
5 6 3 100 1462 2.000505974
9 2 3 100 82462 2.000513238
10 9 3 100 23563 2.000519424
6 14 3 100 8328587 2.000535833
5 11 3 100 29731 2.000542053
10 13 3 100 699964 2.000545458
2 0 3 100 2688307 2.000546669
13 10 3 100 55660 2.000546863
14 2 3 100 101906 2.000547364
9 4 3 100 16628580 2.000548925
14 4 3 100 40034 2.000572923
0 4 3 100 1901597 2.000580527
0 8 3 100 15350 2.000582864
8 7 3 100 29606 2.000597029
1 15 3 100 74208 2.000607139
4 9 3 100 79774 2.000627029
15 0 3 100 20740 2.000639829
3 10 3 100 1900888 2.000641388
11 2 3 100 42837 2.000641629
7 12 3 100 1241527 2.000642381
1 12 3 100 781 2.000693444
5 7 3 100 1812290 2.000706763
14 1 3 100 393586 2.000708414
15 13 3 100 8750431 2.000709797
6 10 3 100 3004028 2.000711969
1 9 3 100 754727 2.000714686
1 9 3 100 50407 2.000727893
8 15 3 100 5843 2.000727969
12 6 3 100 5542737 2.000731448
13 11 3 100 506490 2.000740850
12 8 3 100 16383 2.000746059
11 6 3 100 51684 2.000762940
4 11 3 100 32732 2.000768641
6 11 3 100 38029 2.000789716
2 13 3 100 2118 2.000791101
8 0 3 100 39707 2.000824789
3 5 3 100 27853 2.000832604
8 1 3 100 40391 2.000837792
13 4 3 100 28247 2.000841998
7 9 3 100 35383 2.000851133
3 1 3 100 3518 2.000857492
0 6 3 100 6480 2.000871988
14 10 3 100 2328260 2.000879989
2 14 3 100 8661 2.000884238
0 7 3 100 60661 2.000888650
15 4 3 100 49782 2.000896011
11 2 3 100 66050 2.000899594
4 0 3 100 311649 2.000917567
0 13 3 100 85679 2.000918012
1 9 3 100 33911 2.000919196
1 13 3 100 21287 2.000931119
5 10 3 100 28802 2.000938367
6 14 3 100 67055 2.000939284
8 6 3 100 1456926 2.000940769
3 14 3 100 22563 2.000942599
7 0 3 100 8321 2.000956028
9 11 3 100 53793 2.000957528
1 6 3 100 351996 2.000966123
6 15 3 100 1417112 2.000987967
8 10 3 100 7399 2.000993740
15 9 3 100 59775 2.001002687
0 11 3 100 8624 2.001010129
11 4 3 100 6920 2.001012430
3 2 3 100 10256 2.001025677
14 6 3 100 21825 2.001028770
8 5 3 100 50671 2.001085493
9 15 3 100 8040 2.001088050
5 13 3 100 5785643 2.001100866
6 14 3 100 3699784 2.001102042
6 3 3 100 76005 2.001111205
11 2 3 100 4930818 2.001116575
5 13 3 100 46019 2.001119613
7 3 3 100 2169 2.001124392
13 5 3 100 36437 2.001129498
8 13 3 100 9293 2.001144302
13 4 3 100 42526 2.001149263
15 4 3 100 7429 2.001155096
13 6 3 100 836721 2.001157707
5 15 3 100 764814 2.001172905
14 8 3 100 47920 2.001200276
2 4 3 100 146346 2.001211346
9 3 3 100 43786 2.001232234
1 13 3 100 34433 2.001264193
8 12 3 100 10274 2.001282042
11 6 3 100 49120 2.001309912
7 4 3 100 73894 2.001331587
10 13 3 100 35611 2.001333004
1 4 3 100 694840 2.001333721
6 2 3 100 9398 2.001339509
11 8 3 100 3060083 2.001339666
9 1 3 100 36486 2.001348085
11 4 3 100 26233 2.001381322
0 9 3 100 27891 2.001382016
11 6 3 100 7614625 2.001397795
15 13 3 100 78390 2.001416165
10 8 3 100 29227 2.001417929
5 11 3 100 1640526 2.001421673
6 13 3 100 22471 2.001434672
3 14 3 100 73120 2.001450861
12 15 3 100 60126 2.001452007
1 2 3 100 12212 2.001458961
11 10 3 100 34356 2.001475162
4 0 3 100 102793 2.001478767
2 3 3 100 30714 2.001488528
2 11 3 100 64665 2.001490125
6 15 3 100 3813860 2.001499011
3 14 3 100 163655 2.001522390
13 6 3 100 174076 2.001529239
6 13 3 100 1491284 2.001544598
5 15 3 100 7060 2.001554222
15 14 3 100 6339 2.001559295
7 9 3 100 3144 2.001569597
2 4 3 100 37024 2.001571234
10 15 3 100 1084778 2.001575299
8 7 3 100 13247 2.001584767
3 6 3 100 2575 2.001591834
7 12 3 100 177226 2.001599825
3 13 3 100 13363565 2.001601570
14 0 3 100 211527 2.001607513
15 13 3 100 29910 2.001613377
13 6 3 100 923360 2.001650690
0 10 3 100 158646 2.001684843
10 7 3 100 7116 2.001690717
2 14 3 100 495319 2.001704265
12 7 3 100 40160 2.001707047
11 5 3 100 84192 2.001708683
8 0 3 100 49852 2.001715965
8 0 3 100 27244 2.001746320
12 3 3 100 46367 2.001773512
3 10 3 100 18142555 2.001783740
8 9 3 100 72673 2.001789170
10 5 3 100 60872 2.001789575
7 0 3 100 24751 2.001796197
1 10 3 100 29207 2.001797856
13 5 3 100 1718928 2.001803625
3 12 3 100 5616383 2.001851280
13 3 3 100 22540 2.001871148
13 5 3 100 53918 2.001876263
2 4 3 100 1064097 2.001876877
10 9 3 100 70101 2.001877228
7 5 3 100 39714 2.001894820
3 12 3 100 65952 2.001910241
10 7 3 100 5576 2.001911225
5 10 3 100 1991316 2.001913412
15 0 3 100 94799 2.001924730
5 7 3 100 2304 2.001936323
5 0 3 100 77730 2.001962497
3 9 3 100 43683 2.001964009
1 15 3 100 28740 2.001983714
3 6 3 100 18572 2.001991755
8 6 3 100 92988 2.002000293
4 11 3 100 72479 2.002016844
6 9 3 100 23401 2.002024265
13 5 3 100 80342 2.002026654
13 11 3 100 5238446 2.002049850
13 9 3 100 40852 2.002068091
7 15 3 100 27909 2.002071841
2 1 3 100 60543 2.002087795
7 6 3 100 1838 2.002092642
11 5 3 100 21880 2.002160684
6 2 3 100 7871 2.002183926
3 2 3 100 22886 2.002204277
11 0 3 100 155986 2.002208181
1 9 3 100 1919892 2.002215679
0 12 3 100 676156 2.002216616
7 3 3 100 3545182 2.002271359
11 2 3 100 7093100 2.002313122
14 2 3 100 9915 2.002323606
9 15 3 100 11415 2.002332215
13 10 3 100 23397 2.002350295
1 2 3 100 154246 2.002379299
3 15 3 100 263703 2.002383668
6 13 3 100 35104 2.002390758
15 3 3 100 19854 2.002408877
4 15 3 100 6139280 2.002415682
15 1 3 100 7799026 2.002419216
8 11 3 100 23843 2.002420138
5 6 3 100 28587 2.002421324
7 0 3 100 7901 2.002429198
2 0 3 100 2628980 2.002430133
15 12 3 100 18119 2.002441891
15 7 3 100 2959989 2.002448599
4 2 3 100 1570671 2.002456622
1 4 3 100 904 2.002461998
2 4 3 100 158971 2.002462910
13 6 3 100 24618 2.002463052
4 3 3 100 1568608 2.002480203
1 5 3 100 1357193 2.002484235
5 1 3 100 1780764 2.002487789
12 13 3 100 680416 2.002494255
15 6 3 100 914409 2.002499034
10 12 3 100 143973 2.002503021
9 13 3 100 569315 2.002510631
3 12 3 100 59967 2.002522533
9 8 3 100 8500374 2.002539362
7 15 3 100 571867 2.002544148
4 12 3 100 5045 2.002545778
14 2 3 100 22732 2.002551467
6 1 3 100 2779782 2.002552066
13 10 3 100 76793 2.002577065
8 2 3 100 3053510 2.002579049
3 10 3 100 975219 2.002595450
15 8 3 100 62650 2.002601697
3 2 3 100 4979 2.002629490
15 3 3 100 8095640 2.002673748
13 3 3 100 53221 2.002707408
13 9 3 100 28190 2.002707729
5 12 3 100 3839 2.002718139
2 13 3 100 24160 2.002731134
3 14 3 100 7744 2.002735961
8 3 3 100 16503 2.002749998
11 3 3 100 21613 2.002750553
2 15 3 100 5814698 2.002771383
13 5 3 100 1146685 2.002779813
7 9 3 100 1442 2.002823990
3 5 3 100 73967 2.002852100
5 12 3 100 963514 2.002855494
10 12 3 100 68901 2.002865958
1 3 3 100 7879 2.002870190
9 3 3 100 52250 2.002871036
5 1 3 100 845858 2.002879362
15 6 3 100 5710811 2.002880063
11 6 3 100 65345 2.002881715
0 9 3 100 1018077 2.002885277
11 7 3 100 7811 2.002906444
11 8 3 100 11120 2.002925146
5 4 3 100 4278549 2.002927592
13 2 3 100 55937 2.002944310
11 9 3 100 154619 2.002958440
13 6 3 100 490 2.002958846
15 11 3 100 4318761 2.002963199
1 6 3 100 50646 2.002986495
13 14 3 100 42830 2.003023866
14 11 3 100 128231 2.003033057
5 4 3 100 1958 2.003034405
10 3 3 100 434760 2.003054993
13 8 3 100 36884 2.003074314
9 13 3 100 36452 2.003120937
3 2 3 100 67715 2.003123107
10 9 3 100 35174 2.003137734
13 4 3 100 9701 2.003140968
0 14 3 100 2885650 2.003146741
10 0 3 100 1692 2.003152249
4 11 3 100 21931 2.003156606
12 11 3 100 71447 2.003173879
12 2 3 100 1599175 2.003174343
7 4 3 100 96516 2.003208434
12 0 3 100 1650475 2.003210908
8 14 3 100 725305 2.003238003
6 8 3 100 60450 2.003241920
13 7 3 100 20372 2.003262821
15 0 3 100 658974 2.003277542
12 7 3 100 61470 2.003298405
5 3 3 100 6682345 2.003310090
14 4 3 100 2441 2.003319177
9 14 3 100 468907 2.003321040
7 12 3 100 14345229 2.003324349
10 7 3 100 2305488 2.003336802
3 10 3 100 59476 2.003341088
2 15 3 100 28883 2.003368346
10 0 3 100 1308393 2.003376425
2 10 3 100 9738 2.003387561
10 4 3 100 8688 2.003437782
15 5 3 100 203 2.003444076
5 13 3 100 1569361 2.003467001
4 8 3 100 4030138 2.003477206
3 14 3 100 22812 2.003482411
9 15 3 100 21098115 2.003491880
13 3 3 100 5011058 2.003493493
14 0 3 100 304 2.003503040
10 7 3 100 63270 2.003541389
8 13 3 100 24869 2.003573920
2 5 3 100 8067508 2.003594556
4 7 3 100 6390 2.003605454
11 8 3 100 9904 2.003611096
3 14 3 100 7546 2.003614484
8 7 3 100 19236 2.003637203
10 8 3 100 53620 2.003639943
9 8 3 100 4354984 2.003653745
8 10 3 100 10550 2.003678422
0 3 3 100 5458 2.003687689
8 14 3 100 55306 2.003696502
15 13 3 100 5435 2.003703861
7 5 3 100 274714 2.003709337
4 1 3 100 1773012 2.003709625
13 2 3 100 3601884 2.003710409
4 15 3 100 1881891 2.003710616
7 6 3 100 33749 2.003718429
11 9 3 100 4112002 2.003727387
15 4 3 100 20157 2.003742849
9 7 3 100 163665 2.003749589
5 14 3 100 940392 2.003765647
11 13 3 100 4691264 2.003774849
4 8 3 100 1348257 2.003777201
7 13 3 100 807 2.003778961
4 6 3 100 197090 2.003780007
8 4 3 100 784910 2.003789632
11 6 3 100 243 2.003795516
10 9 3 100 76870 2.003804258
12 15 3 100 7766 2.003820937
13 14 3 100 59594 2.003880192
5 15 3 100 72022 2.003891275
7 14 3 100 73219 2.003904530
14 8 3 100 73883 2.003906487
6 0 3 100 25288 2.003933971
8 12 3 100 27981 2.003942199
5 2 3 100 9876 2.003954350
2 9 3 100 1955288 2.003954757
15 6 3 100 2956052 2.003972998
12 8 3 100 7169 2.003990886
9 0 3 100 27116 2.003993401
7 6 3 100 3126777 2.004000831
3 10 3 100 924696 2.004002208
2 0 3 100 66119 2.004015105
9 7 3 100 109077 2.004020420
2 15 3 100 24457 2.004034085
10 0 3 100 10734 2.004041587
5 7 3 100 18258 2.004075774
15 9 3 100 56678 2.004081801
9 12 3 100 15136 2.004083602
5 15 3 100 6771063 2.004091702
10 2 3 100 226238 2.004099420
12 0 3 100 1897123 2.004111772
0 7 3 100 1103992 2.004121084
11 6 3 100 486970 2.004128817
12 7 3 100 60445 2.004136697
12 5 3 100 54065 2.004152338
10 0 3 100 7776 2.004156754
14 3 3 100 1256 2.004158498
2 15 3 100 1844263 2.004168926
3 0 3 100 4430275 2.004178679
0 6 3 100 78870 2.004191565
12 9 3 100 1141540 2.004204866
5 15 3 100 4921 2.004217534
3 0 3 100 4733101 2.004227804
6 0 3 100 55240 2.004232622
10 9 3 100 2383049 2.004234161
6 1 3 100 2888674 2.004238325
6 15 3 100 6191790 2.004245328
13 14 3 100 27998 2.004255038
15 14 3 100 109642 2.004281670
14 1 3 100 74936 2.004286535
6 2 3 100 3185562 2.004289586
5 15 3 100 2252979 2.004302106
12 13 3 100 359119 2.004305220
15 2 3 100 5514 2.004307515
5 10 3 100 24057 2.004330367
6 4 3 100 6941720 2.004347996
4 0 3 100 24370 2.004355986
1 11 3 100 9046 2.004358092
7 8 3 100 20110 2.004398361
3 0 3 100 4505360 2.004413646
13 10 3 100 5525668 2.004417187
5 11 3 100 59135 2.004441406
5 6 3 100 9510719 2.004454892
4 6 3 100 11440 2.004456610
13 9 3 100 7424430 2.004476092
10 13 3 100 9409801 2.004484449
11 8 3 100 73417 2.004485011
6 12 3 100 6649185 2.004493212
15 4 3 100 9221584 2.004506907
0 10 3 100 59343 2.004536468
12 13 3 100 18766855 2.004538198
2 6 3 100 25743568 2.004542395
0 12 3 100 1278329 2.004548282
15 9 3 100 79248 2.004579322
11 13 3 100 41917 2.004624465
13 11 3 100 15212 2.004636600
14 11 3 100 50582 2.004646588
9 6 3 100 35543 2.004695028
14 15 3 100 26961 2.004706668
6 2 3 100 3682507 2.004715036
13 10 3 100 1185 2.004716141
4 11 3 100 4623 2.004722461
3 1 3 100 108363 2.004730599
13 1 3 100 5528698 2.004745599
14 10 3 100 919875 2.004757380
11 8 3 100 63974 2.004775685
6 0 3 100 547 2.004784487
6 13 3 100 7092 2.004786825
13 2 3 100 193506 2.004816235
2 15 3 100 5897717 2.004829561
11 5 3 100 1463623 2.004859142
9 10 3 100 1405698 2.004862309
0 3 3 100 167225 2.004877339
0 1 3 100 5384682 2.004886232
9 4 3 100 7879 2.004898126
11 2 3 100 40219 2.004898751
4 13 3 100 2130563 2.004900159
1 10 3 100 7661 2.004905634
5 7 3 100 41016 2.004915170
15 5 3 100 3554810 2.004925423
5 9 3 100 442513 2.004937489
3 14 3 100 65299 2.004949886
4 15 3 100 1703 2.004951569
9 5 3 100 38710 2.004957175
9 4 3 100 32835 2.004990484
13 15 3 100 36069 2.004991525
11 1 3 100 19343 2.004992379
8 15 3 100 33054 2.005024176
5 12 3 100 68457 2.005029670
5 1 3 100 73328 2.005030523
15 1 3 100 33527 2.005034671
11 14 3 100 99503 2.005037216
12 11 3 100 6845457 2.005040422
15 11 3 100 2554537 2.005062008
2 8 3 100 7029 2.005062530
14 4 3 100 4019627 2.005084837
13 0 3 100 20583 2.005085101
4 8 3 100 4737306 2.005092752
13 8 3 100 29315 2.005097467
13 2 3 100 793406 2.005101410
8 15 3 100 4409 2.005119961
7 13 3 100 67571 2.005125150
10 4 3 100 15987108 2.005125171
8 1 3 100 8805732 2.005129787
4 8 3 100 34501 2.005131238
1 12 3 100 1725 2.005133557
0 4 3 100 4534243 2.005154826
0 7 3 100 26552 2.005159156
4 2 3 100 4800 2.005163321
8 9 3 100 310108 2.005198816
2 6 3 100 51833 2.005215840
5 4 3 100 87116 2.005229235
15 10 3 100 47986 2.005237536
1 9 3 100 3413975 2.005256720
13 1 3 100 1152758 2.005257008
10 14 3 100 2916383 2.005270969
10 14 3 100 9852382 2.005290543
0 5 3 100 415385 2.005309808
12 7 3 100 20753 2.005317901
13 7 3 100 21831 2.005321070
13 14 3 100 44364 2.005332466
3 11 3 100 726355 2.005349378
3 10 3 100 2166870 2.005352684
5 13 3 100 964587 2.005375530
11 15 3 100 195572 2.005381697
0 8 3 100 1634235 2.005401190
6 2 3 100 12070 2.005435043
8 9 3 100 46140 2.005443427
5 10 3 100 464561 2.005458377
13 4 3 100 714590 2.005458998
15 4 3 100 32046 2.005459496
1 12 3 100 1219 2.005476340
10 12 3 100 15972807 2.005487758
15 10 3 100 8260 2.005492347
6 0 3 100 7690 2.005493931
6 10 3 100 12742015 2.005494284
2 8 3 100 35414 2.005524913
6 5 3 100 986 2.005526856
9 4 3 100 1646052 2.005559905
15 7 3 100 3988 2.005562625
10 0 3 100 20285 2.005566016
11 4 3 100 551941 2.005592691
5 14 3 100 103528 2.005623165
13 5 3 100 39692 2.005636851
9 10 3 100 19209 2.005654251
9 12 3 100 8686 2.005658652
9 3 3 100 967808 2.005669142
15 2 3 100 22389965 2.005673174
7 12 3 100 8495753 2.005674069
9 3 3 100 26167 2.005676640
4 12 3 100 370196 2.005692008
11 2 3 100 1827286 2.005695180
12 15 3 100 50802 2.005703257
1 9 3 100 44659 2.005724610
10 11 3 100 2942 2.005736075
15 13 3 100 5458 2.005743052
1 15 3 100 142394 2.005751777
14 2 3 100 14271 2.005779293
10 13 3 100 78878 2.005782525
12 1 3 100 31999 2.005787725
7 4 3 100 53100 2.005796613
2 13 3 100 2372654 2.005801683
4 1 3 100 2901576 2.005858917
15 11 3 100 69708 2.005860241
7 1 3 100 12109 2.005864900
0 11 3 100 12035 2.005902494
8 11 3 100 46510 2.005912484
1 10 3 100 58621 2.005923043
14 13 3 100 28293 2.005934919
1 9 3 100 26278 2.005939256
15 4 3 100 28847 2.005945338
15 5 3 100 7177 2.005951172
2 3 3 100 2200 2.005955952
15 2 3 100 111317 2.005956375
14 12 3 100 1754980 2.005959219
12 9 3 100 8895200 2.005967434
5 0 3 100 8643 2.005971869
8 12 3 100 76950 2.005981520
6 10 3 100 135601 2.005987549
9 3 3 100 6350 2.005990797
9 14 3 100 1704297 2.006016101
13 3 3 100 26489 2.006021109
11 14 3 100 168470 2.006027560
8 1 3 100 55973 2.006027949
1 11 3 100 37856 2.006039688
9 6 3 100 3595903 2.006068413
10 5 3 100 9043424 2.006090018
0 3 3 100 79652 2.006092408
5 15 3 100 20426919 2.006096058
9 0 3 100 1932 2.006107148
12 10 3 100 104045 2.006115421
6 11 3 100 34548 2.006133600
13 9 3 100 34887 2.006137038
2 0 3 100 866382 2.006139713
11 1 3 100 3973704 2.006139842
7 8 3 100 122668 2.006140776
8 14 3 100 187933 2.006159077
6 13 3 100 7183847 2.006161119
9 2 3 100 5400 2.006171367
12 7 3 100 13520 2.006189920
1 13 3 100 1584 2.006193151
14 1 3 100 21227 2.006201127
2 8 3 100 4415214 2.006207055
11 6 3 100 8490145 2.006211447
2 1 3 100 9925 2.006220870
6 2 3 100 4337683 2.006226105
1 4 3 100 45928 2.006231913
1 8 3 100 16050 2.006234442
0 12 3 100 5136497 2.006263281
1 0 3 100 16158 2.006287280
6 3 3 100 1535794 2.006301849
1 9 3 100 63077 2.006311092
9 13 3 100 3623936 2.006316807
13 2 3 100 153533 2.006326916
14 3 3 100 1626788 2.006342750
15 2 3 100 22983 2.006360310
3 8 3 100 9693845 2.006367411
5 15 3 100 23320473 2.006372551
1 2 3 100 23908 2.006389122
3 10 3 100 73963 2.006390120
10 12 3 100 72162 2.006418439
1 6 3 100 24490 2.006420753
10 13 3 100 73021 2.006434194
2 6 3 100 1004345 2.006465238
7 6 3 100 70934 2.006466037
5 2 3 100 6868476 2.006484199
12 2 3 100 3382596 2.006499385
8 0 3 100 69908 2.006505574
0 14 3 100 1440985 2.006524863
11 15 3 100 7321 2.006568959
1 10 3 100 315 2.006572242
13 3 3 100 47907 2.006581901
4 13 3 100 9272 2.006601645
13 8 3 100 20964 2.006605940
6 4 3 100 9844674 2.006606796
14 6 3 100 41309 2.006660489
15 4 3 100 759749 2.006670455
1 0 3 100 6383650 2.006675241
2 4 3 100 7253640 2.006692701
14 13 3 100 64954 2.006705631
0 10 3 100 18088 2.006707271
3 15 3 100 963 2.006719591
15 5 3 100 75116 2.006721918
3 13 3 100 63958 2.006731249
3 12 3 100 24328 2.006735512
7 0 3 100 4273465 2.006738864
14 9 3 100 183470 2.006741018
2 9 3 100 69893 2.006749697
1 5 3 100 4309400 2.006764691
5 9 3 100 16162 2.006778026
5 3 3 100 416967 2.006786974
5 15 3 100 6004616 2.006803181
14 1 3 100 78738 2.006806968
10 1 3 100 5238377 2.006815012
10 9 3 100 1975144 2.006825767
15 13 3 100 483186 2.006829816
15 4 3 100 9003285 2.006834888
11 13 3 100 183833 2.006837181
15 14 3 100 75060 2.006840053
12 8 3 100 195021 2.006841142
4 3 3 100 7146 2.006852221
2 13 3 100 61972 2.006853329
6 4 3 100 1316480 2.006873785
14 12 3 100 22579 2.006886114
1 11 3 100 34417 2.006888124
2 5 3 100 54411 2.006896534
13 5 3 100 40525 2.006897108
0 1 3 100 15582 2.006904004
14 9 3 100 4815394 2.006904754
4 11 3 100 187092 2.006905970
8 10 3 100 1944300 2.006908668
10 9 3 100 327421 2.006916887
11 9 3 100 77013 2.006917771
11 7 3 100 76112 2.006952911
9 13 3 100 27299967 2.006979117
10 14 3 100 35455 2.006986980
9 13 3 100 9072625 2.006994158
10 5 3 100 449248 2.006996091
12 3 3 100 9454 2.007005181
11 0 3 100 8102 2.007010396
2 4 3 100 53886 2.007013828
5 9 3 100 28569437 2.007023230
11 8 3 100 29190 2.007028864
7 8 3 100 28478 2.007035542
9 3 3 100 73337 2.007037650
0 14 3 100 123 2.007053823
3 0 3 100 2652 2.007081742
6 0 3 100 491478 2.007095619
5 8 3 100 70035 2.007120641
11 3 3 100 59566 2.007128387
0 11 3 100 27326 2.007140908
4 10 3 100 16999 2.007145625
15 3 3 100 20057 2.007147851
10 3 3 100 37879 2.007154357
2 10 3 100 67519 2.007172681
12 6 3 100 2478238 2.007173248
13 12 3 100 6811415 2.007173594
14 2 3 100 393152 2.007175153
13 9 3 100 3788009 2.007188449
9 5 3 100 1491206 2.007194781
15 4 3 100 15014 2.007196443
5 2 3 100 28762 2.007200002
14 4 3 100 12330 2.007207043
1 10 3 100 453301 2.007213299
0 11 3 100 58584 2.007221934
14 15 3 100 2357908 2.007226399
3 5 3 100 38913 2.007289282
11 10 3 100 9621 2.007291131
7 5 3 100 37052 2.007294009
2 0 3 100 53142 2.007314342
3 6 3 100 54857 2.007321409
3 11 3 100 7359 2.007322222
10 14 3 100 27952 2.007339986
3 7 3 100 41604 2.007343649
13 8 3 100 9191 2.007345849
12 2 3 100 8751 2.007346426
1 13 3 100 37509 2.007351057
7 2 3 100 32178 2.007353250
2 0 3 100 1601179 2.007354014
9 13 3 100 28994 2.007358360
12 0 3 100 42676 2.007365314
13 2 3 100 233247 2.007367206
2 0 3 100 1016563 2.007383532
13 6 3 100 290 2.007384425
6 2 3 100 3694359 2.007398823
9 0 3 100 5419 2.007434723
2 8 3 100 3646 2.007436435
8 6 3 100 1704884 2.007464400
9 6 3 100 17709761 2.007472009
15 6 3 100 26571 2.007475853
9 11 3 100 11839380 2.007480129
5 14 3 100 13033 2.007511407
14 9 3 100 26513 2.007511779
6 9 3 100 8791 2.007518254
3 5 3 100 2448554 2.007523073
3 2 3 100 8450 2.007525124
6 7 3 100 30701 2.007542793
8 7 3 100 2185667 2.007554387
12 15 3 100 3968286 2.007579578
14 12 3 100 57410 2.007581512
12 11 3 100 129887 2.007583387
14 11 3 100 670048 2.007631487
3 0 3 100 8945016 2.007649600
12 11 3 100 8864 2.007653692
4 7 3 100 2069483 2.007656729
10 6 3 100 228 2.007664278
10 14 3 100 152458 2.007674828
3 13 3 100 927464 2.007684523
10 2 3 100 23153517 2.007696955
14 1 3 100 20484 2.007710652
10 7 3 100 551986 2.007715760
5 12 3 100 2472202 2.007722226
8 11 3 100 841525 2.007737139
8 9 3 100 1013906 2.007744265
4 1 3 100 5543 2.007752700
3 6 3 100 2725 2.007793371
15 5 3 100 1326803 2.007803140
7 12 3 100 8782 2.007828335
0 1 3 100 65979 2.007838124
5 8 3 100 2805 2.007844456
5 11 3 100 79661 2.007846019
15 0 3 100 70111 2.007876190
1 15 3 100 74297 2.007878701
15 5 3 100 7058 2.007885216
12 15 3 100 24552 2.007888251
5 2 3 100 8401 2.007929340
13 3 3 100 3158870 2.007934405
8 7 3 100 42480 2.007934442
0 14 3 100 14222 2.007959189
15 13 3 100 38927 2.007959443
10 14 3 100 2955 2.007959662
5 1 3 100 9723 2.007969078
11 9 3 100 4399488 2.007970551
6 13 3 100 1369 2.007984617
9 13 3 100 6451 2.007984834
0 8 3 100 24013518 2.008008778
7 8 3 100 730929 2.008013545
1 9 3 100 20562 2.008016526
12 1 3 100 5689 2.008024486
7 13 3 100 4278 2.008027317
10 2 3 100 76349 2.008027656
4 14 3 100 9040987 2.008029079
6 11 3 100 1997141 2.008030154
14 5 3 100 706224 2.008030364
12 3 3 100 741642 2.008030913
15 14 3 100 1195534 2.008042446
2 0 3 100 61739 2.008067234
7 4 3 100 3309924 2.008067277
1 10 3 100 48723 2.008084843
0 12 3 100 4491 2.008107547
12 14 3 100 68546 2.008119797
12 4 3 100 65582 2.008123974
2 6 3 100 24484 2.008136125
1 2 3 100 91863 2.008151401
7 0 3 100 1175 2.008166461
13 15 3 100 66298 2.008183677
12 7 3 100 1466572 2.008185002
0 8 3 100 3425197 2.008200906
2 8 3 100 228849 2.008215152
5 1 3 100 8453 2.008236108
12 2 3 100 112355 2.008237588
7 11 3 100 1614127 2.008239283
1 10 3 100 1996663 2.008285277
5 7 3 100 6049452 2.008292548
3 14 3 100 482356 2.008292728
2 1 3 100 8154 2.008300721
6 15 3 100 1131021 2.008313147
6 7 3 100 175 2.008324421
14 2 3 100 563019 2.008337751
14 4 3 100 20097 2.008359191
11 9 3 100 3596376 2.008377282
11 5 3 100 63116 2.008384235
0 4 3 100 78744 2.008436189
13 11 3 100 9727687 2.008454907
14 8 3 100 905889 2.008456991
7 11 3 100 971833 2.008464394
6 10 3 100 4091412 2.008469097
11 14 3 100 8593 2.008472803
2 4 3 100 1334 2.008479063
12 10 3 100 22195679 2.008507180
7 3 3 100 4177246 2.008509109
9 10 3 100 41462 2.008514636
15 0 3 100 4805130 2.008541583
15 12 3 100 63129 2.008547062
14 15 3 100 641928 2.008560723
3 15 3 100 47202 2.008565533
5 11 3 100 22203 2.008581341
7 1 3 100 13984 2.008591926
10 5 3 100 25567 2.008596557
14 3 3 100 76840 2.008604392
12 9 3 100 28667 2.008605035
0 14 3 100 51737 2.008612766
12 0 3 100 676741 2.008616034
12 9 3 100 51693 2.008628017
13 2 3 100 522477 2.008648392
10 4 3 100 4700887 2.008648809
2 4 3 100 4720717 2.008652068
8 15 3 100 6338 2.008653935
3 11 3 100 6234 2.008676739
0 11 3 100 1204307 2.008686555
3 15 3 100 2915784 2.008691083
4 7 3 100 179478 2.008692148
2 12 3 100 4062615 2.008716557
6 7 3 100 164214 2.008726797
14 8 3 100 1935889 2.008733127
8 13 3 100 98062 2.008743846
11 5 3 100 43023 2.008744682
1 0 3 100 6647 2.008745774
12 15 3 100 30448 2.008755098
13 9 3 100 914080 2.008758389
8 11 3 100 37243 2.008768815
10 15 3 100 3191252 2.008793350
10 2 3 100 1398556 2.008794220
14 2 3 100 9311 2.008796101
14 1 3 100 5662501 2.008809072
11 10 3 100 36440 2.008828468
3 15 3 100 20316 2.008830125
2 3 3 100 4419867 2.008842326
7 3 3 100 66694 2.008845117
2 14 3 100 40684 2.008851826
10 11 3 100 147643 2.008855263
14 8 3 100 1727235 2.008855620
2 12 3 100 37388 2.008860858
12 6 3 100 3212 2.008870106
13 10 3 100 197905 2.008876463
2 15 3 100 7469 2.008914658
5 13 3 100 8676 2.008934548
11 6 3 100 23144 2.008948388
6 2 3 100 541108 2.008970139
2 6 3 100 852304 2.008970896
5 9 3 100 51392 2.008971909
13 9 3 100 63912 2.008996258
15 9 3 100 12946 2.008998172
10 13 3 100 696 2.009018216
2 3 3 100 350692 2.009023960
13 9 3 100 4943 2.009052006
11 1 3 100 9861139 2.009055574
12 14 3 100 2086227 2.009059304
3 7 3 100 2449082 2.009068411
0 14 3 100 64963 2.009079019
10 1 3 100 3674921 2.009094858
11 9 3 100 25710 2.009111184
4 5 3 100 1757557 2.009126686
10 0 3 100 9048529 2.009141966
3 6 3 100 9499 2.009163676
13 2 3 100 1558 2.009163767
13 4 3 100 59822 2.009164642
9 6 3 100 13179 2.009164659
4 2 3 100 74061 2.009172704
6 14 3 100 70495 2.009175091
5 6 3 100 7212 2.009175194
3 1 3 100 1508463 2.009183471
10 11 3 100 1909 2.009196958
11 10 3 100 3831075 2.009204827
12 14 3 100 35664 2.009206434
10 9 3 100 34677 2.009211164
12 7 3 100 4164913 2.009211305
6 7 3 100 984453 2.009263983
12 1 3 100 102180 2.009270474
3 11 3 100 7741252 2.009271197
0 7 3 100 4963827 2.009290620
2 7 3 100 3715304 2.009293494
15 12 3 100 26629 2.009294402
14 10 3 100 687887 2.009302520
15 13 3 100 8546969 2.009341326
14 5 3 100 28085 2.009342878
15 7 3 100 1570225 2.009354110
7 1 3 100 3592056 2.009366658
1 0 3 100 27211 2.009381940
13 4 3 100 56482 2.009416095
1 4 3 100 1195840 2.009431782
4 14 3 100 7838639 2.009453339
11 1 3 100 6812243 2.009461745
7 11 3 100 31062 2.009473073
10 14 3 100 75617 2.009511137
14 8 3 100 36695 2.009522608
10 8 3 100 810972 2.009557998
3 10 3 100 865913 2.009558220
13 14 3 100 2953 2.009563470
5 0 3 100 1608594 2.009564459
3 1 3 100 75501 2.009579887
6 10 3 100 1258627 2.009581096
14 10 3 100 4013845 2.009585009
15 8 3 100 27484622 2.009614815
10 0 3 100 556564 2.009617265
13 4 3 100 692275 2.009630663
6 10 3 100 990729 2.009635625
2 13 3 100 1187613 2.009648777
13 10 3 100 33654 2.009650784
12 14 3 100 7846478 2.009671963
13 7 3 100 10098 2.009688576
12 10 3 100 46977 2.009701663
6 15 3 100 8159 2.009712093
3 7 3 100 4751 2.009723349
12 8 3 100 1647416 2.009738507
14 1 3 100 24656 2.009740359
4 2 3 100 7794935 2.009745021
7 11 3 100 56213 2.009751553
6 5 3 100 94158 2.009758255
4 7 3 100 3976512 2.009791146
12 15 3 100 26692 2.009863795
12 11 3 100 3560 2.009884849