1 0 3 100 50773 2.000227265
0 1 3 100 3929948 2.001185171
1 0 3 100 30071 2.002157443
1 0 3 100 676 2.003654232
0 1 3 100 76409 2.005367012
0 1 3 100 1649191 2.009730850
0 1 3 100 8993 2.009783566
1 0 3 100 15700100 2.011084367
1 0 3 100 20305770 2.012322672
1 0 3 100 59025 2.013073333
1 0 3 100 62858 2.014359767
1 0 3 100 878062 2.015491233
0 1 3 100 558927 2.017372604
0 1 3 100 165178 2.019834427
0 1 3 100 26508 2.020128004
1 0 3 100 58711 2.021193262
0 1 3 100 345063 2.021742480
1 0 3 100 341208 2.022604446
1 0 3 100 1806381 2.023099887
0 1 3 100 2709427 2.023593430
0 1 3 100 29125 2.025316257
1 0 3 100 7566 2.025863249
1 0 3 100 7860 2.028459758
0 1 3 100 22262 2.029214307
1 0 3 100 38142 2.029472989
0 1 3 100 312290 2.030116478
0 1 3 100 8381869 2.030309309
0 1 3 100 43071 2.031315135
0 1 3 100 73573 2.032133219
1 0 3 100 26654 2.034169747
0 1 3 100 71053 2.034281592
0 1 3 100 2228616 2.034756311
1 0 3 100 858750 2.034920657
1 0 3 100 3741152 2.035367404
1 0 3 100 9195 2.035509671
0 1 3 100 1598976 2.036163985
0 1 3 100 62470 2.036274523
0 1 3 100 885027 2.036326142
0 1 3 100 2685 2.039727433
0 1 3 100 16694 2.040646445
0 1 3 100 8422 2.040751354
1 0 3 100 4155014 2.041883598
0 1 3 100 105218 2.043674475
1 0 3 100 1514596 2.043967468
0 1 3 100 75432 2.045142788
0 1 3 100 43900 2.045183058
0 1 3 100 5983 2.046251217
0 1 3 100 64981 2.047060369
1 0 3 100 408603 2.049237424
1 0 3 100 1183426 2.049624242
0 1 3 100 1244946 2.053387653
1 0 3 100 6102870 2.054564373
1 0 3 100 148604 2.055061706
1 0 3 100 28011 2.056602921
0 1 3 100 187338 2.056620094
0 1 3 100 10348975 2.056644021
0 1 3 100 8532 2.057897176
0 1 3 100 694083 2.058206887
1 0 3 100 341681 2.059187033
1 0 3 100 3149186 2.061468535
0 1 3 100 268264 2.061551119
0 1 3 100 5212132 2.061557670
1 0 3 100 28368823 2.062366264
0 1 3 100 81326 2.064405958
0 1 3 100 8173 2.065145686
0 1 3 100 605571 2.066312336
1 0 3 100 554380 2.066668720
0 1 3 100 26901 2.066801430
1 0 3 100 49281 2.066887881
0 1 3 100 7878 2.068692591
0 1 3 100 2707864 2.069184610
0 1 3 100 357025 2.069537521
0 1 3 100 56406 2.069692513
1 0 3 100 49553 2.070263375
0 1 3 100 2534495 2.070326334
0 1 3 100 6131692 2.071607328
1 0 3 100 1192292 2.072705719
0 1 3 100 1231 2.074307377
0 1 3 100 713537 2.074494006
0 1 3 100 4194693 2.075050046
1 0 3 100 22362 2.075142842
1 0 3 100 75335 2.075560211
0 1 3 100 1901968 2.077384869
1 0 3 100 549267 2.078754680
0 1 3 100 36305 2.078875381
1 0 3 100 17793 2.078926863
0 1 3 100 3778 2.081308685
0 1 3 100 25501 2.081629647
1 0 3 100 49817 2.082231681
1 0 3 100 65035 2.083484799
0 1 3 100 2908281 2.083529863
0 1 3 100 28477 2.083937641
0 1 3 100 1109795 2.084093287
1 0 3 100 1524445 2.084398907
1 0 3 100 56632 2.084655470
1 0 3 100 6239 2.085482476
0 1 3 100 495033 2.085655116
1 0 3 100 1896846 2.088657529
1 0 3 100 175702 2.090306686
1 0 3 100 959264 2.093268773
1 0 3 100 1138133 2.093887747
0 1 3 100 31641 2.095365475
0 1 3 100 2924280 2.096285740
1 0 3 100 25362 2.098362578
